
Summary of NCS information
Wed Sep 13 18:57:59 2017
/net/cci-filer2/raid1/terwill/misc2/cryo-EM/ncs





new_ncs_group
new_operator

rota_matrix    1.0000    0.0000    0.0000
rota_matrix    0.0000    1.0000    0.0000
rota_matrix    0.0000    0.0000    1.0000
tran_orth     0.0000    0.0000    0.0000

center_orth   31.8132   51.7394    6.6022
CHAIN A1
RMSD 0
MATCHING 29
  RESSEQ 1:29

new_operator

rota_matrix    0.0508   -0.9987   -0.0001
rota_matrix    0.9987    0.0508   -0.0006
rota_matrix    0.0006   -0.0000    1.0000
tran_orth    99.2196   -2.6852   -2.2344

center_orth   50.9385   70.0818    8.8062
CHAIN B1
RMSD 0.000988805119487
MATCHING 29
  RESSEQ 1:29

new_operator

rota_matrix   -0.9948   -0.1014    0.0006
rota_matrix    0.1014   -0.9948   -0.0007
rota_matrix    0.0006   -0.0007    1.0000
tran_orth   106.9379   96.2717   -4.4049

center_orth   70.2296   51.9122   10.9973
CHAIN C1
RMSD 0.00100262780994
MATCHING 29
  RESSEQ 1:29

new_operator

rota_matrix   -0.1518    0.9884    0.0007
rota_matrix   -0.9884   -0.1518   -0.0001
rota_matrix   -0.0000   -0.0007    1.0000
tran_orth     8.5006  109.0045   -6.5746

center_orth   53.0641   31.7237   13.1989
CHAIN D1
RMSD 0.000987633101539
MATCHING 29
  RESSEQ 1:29

new_operator

rota_matrix    0.9794    0.2017    0.0001
rota_matrix   -0.2017    0.9794    0.0000
rota_matrix   -0.0000   -0.0001    1.0000
tran_orth    -9.2121   11.3420   -8.8083

center_orth   32.0316   47.8422   15.4143
CHAIN E1
RMSD 0.000946577034809
MATCHING 29
  RESSEQ 1:29

new_operator

rota_matrix    0.2512   -0.9679   -0.0001
rota_matrix    0.9679    0.2512   -0.0006
rota_matrix    0.0006    0.0000    1.0000
tran_orth    87.4251  -11.3047  -11.0473

center_orth   47.0631   69.6657   17.6207
CHAIN F1
RMSD 0.000960541505537
MATCHING 29
  RESSEQ 1:29

new_operator

rota_matrix   -0.9539   -0.3000    0.0005
rota_matrix    0.3000   -0.9539   -0.0008
rota_matrix    0.0007   -0.0006    1.0000
tran_orth   114.9479   84.0606  -13.2257

center_orth   69.6229   55.7613   19.8123
CHAIN G1
RMSD 0.000979344865839
MATCHING 29
  RESSEQ 1:29

new_operator

rota_matrix   -0.3480    0.9375    0.0007
rota_matrix   -0.9375   -0.3480   -0.0002
rota_matrix    0.0001   -0.0008    1.0000
tran_orth    21.1031  116.3900  -15.3891

center_orth   56.8830   32.5247   22.0114
CHAIN H1
RMSD 0.000987483699702
MATCHING 29
  RESSEQ 1:29

new_operator

rota_matrix    0.9186    0.3952    0.0002
rota_matrix   -0.3952    0.9186    0.0001
rota_matrix   -0.0001   -0.0001    1.0000
tran_orth   -15.9480   24.3087  -17.6138

center_orth   33.0310   44.0686   24.2261
CHAIN I1
RMSD 0.000975611035222
MATCHING 29
  RESSEQ 1:29

new_operator

rota_matrix    0.4413   -0.8974   -0.0002
rota_matrix    0.8974    0.4413   -0.0005
rota_matrix    0.0005    0.0001    1.0000
tran_orth    74.1340  -17.3675  -19.8590

center_orth   43.3507   68.4757   26.4349
CHAIN J1
RMSD 0.00102444247244
MATCHING 29
  RESSEQ 1:29

new_operator

rota_matrix   -0.8738   -0.4863    0.0004
rota_matrix    0.4863   -0.8738   -0.0008
rota_matrix    0.0007   -0.0005    1.0000
tran_orth   120.3294   70.4840  -22.0453

center_orth   68.2517   59.4082   28.6274
CHAIN K1
RMSD 0.00093936800089
MATCHING 29
  RESSEQ 1:29

new_operator

rota_matrix   -0.5300    0.8480    0.0008
rota_matrix   -0.8480   -0.5300   -0.0003
rota_matrix    0.0002   -0.0008    1.0000
tran_orth    34.9358  121.0805  -24.2058

center_orth   60.4612   34.0791   30.8243
CHAIN L1
RMSD 0.000999034191261
MATCHING 29
  RESSEQ 1:29

new_operator

rota_matrix    0.8200    0.5724    0.0002
rota_matrix   -0.5724    0.8200    0.0001
rota_matrix   -0.0001   -0.0002    1.0000
tran_orth   -19.9297   38.3673  -26.4216

center_orth   34.7707   40.5737   33.0378
CHAIN M1
RMSD 0.00097574635328
MATCHING 29
  RESSEQ 1:29

new_operator

rota_matrix    0.6133   -0.7899   -0.0002
rota_matrix    0.7899    0.6133   -0.0004
rota_matrix    0.0004    0.0001    1.0000
tran_orth    59.8919  -20.6252  -28.6695

center_orth   39.9543   66.5607   35.2487
CHAIN N1
RMSD 0.000992735755384
MATCHING 29
  RESSEQ 1:29

new_operator

rota_matrix   -0.7577   -0.6526    0.0003
rota_matrix    0.6526   -0.7577   -0.0008
rota_matrix    0.0008   -0.0004    1.0000
tran_orth   122.8603   56.1004  -30.8648

center_orth   66.1723   62.7029   37.4427
CHAIN O1
RMSD 0.000982715177232
MATCHING 29
  RESSEQ 1:29

new_operator

rota_matrix   -0.6902    0.7236    0.0008
rota_matrix   -0.7236   -0.6902   -0.0004
rota_matrix    0.0003   -0.0008    1.0000
tran_orth    49.4297  122.8838  -33.0229

center_orth   63.6517   36.3228   39.6376
CHAIN P1
RMSD 0.00100981556279
MATCHING 29
  RESSEQ 1:29

new_operator

rota_matrix    0.6877    0.7260    0.0003
rota_matrix   -0.7260    0.6877    0.0001
rota_matrix   -0.0002   -0.0003    1.0000
tran_orth   -20.9948   52.9393  -35.2292

center_orth   37.1791   37.5010   41.8495
CHAIN Q1
RMSD 0.000994251060836
MATCHING 29
  RESSEQ 1:29

new_operator

rota_matrix    0.7600   -0.6499   -0.0002
rota_matrix    0.6499    0.7600   -0.0003
rota_matrix    0.0003    0.0001    1.0000
tran_orth    45.2856  -20.9427  -37.4791

center_orth   37.0134   63.9992   44.0621
CHAIN R1
RMSD 0.00101448708232
MATCHING 29
  RESSEQ 1:29

new_operator

rota_matrix   -0.6105   -0.7920    0.0002
rota_matrix    0.7920   -0.6105   -0.0008
rota_matrix    0.0008   -0.0003    1.0000
tran_orth   122.4371   41.5020  -39.6830

center_orth   63.4704   65.5098   46.2579
CHAIN S1
RMSD 0.0010309887154
MATCHING 29
  RESSEQ 1:29



